11979388693555443613433328337521617
55779825403702078331838586470712518
08643073615245011521371360219187033
12030672570388299662614501804807112
15462585841964339988780404962474123
13508481695412738859638446975116019
33145405914198141108157696873311679
46181785490320389662292084809765159
43690857596097137148149648410395613
42109759273025635813532392234975999
37318602713188522131011753161864032
35227187219840706300277793198336715
45553937759085004988290774224559242
25804159109162610842787753681747643
68779692040618851836359667412190707
37045238269942022692333413515782182
60163606140580774968092492251933282
8769078678268216158872