735975127126025286778265944052144973910
383391082193510381804778920049432524454
092200916602240591381590535749374570723
075352240841097675138082641807297961332
347496388147835725883741295580247920947
934549555174125099828372542825945033395
649774522522287598184269770730679611133
818158476597839762500619163671843519657
919067539098920953994070440553948900265
298092725405599655855614916006712352496
508001726755925052537732198614382163153
861296418101734424847820343425045808801
889026444409672268357885176639852313013
891708626621954008899781050789181797837
923675961019179399342476093541402915047
4844145525056154769166401851776