135899288840055257380774108027818148
855037315473004756372635011348267121
211184045299878953128063174886674297
990005620247043205592447152654041063
747650446240762704995259906531432155
238784036164092065175704456502646196
532486566927668684953126056911075302
696065325484900531000824809504243201
273290585972624491989463908638017404
816521753854838310955908566994202436
281829621633637122401787638576598406
747347728699045074026104702267726410
260926334486397505588571511088653980
602053600794200243252754661408130790
637709704480011828079319258784615232
885248054378589432180428991385823399
015604272339399230826126716642249078
19189