469337287929128886943953
849844619728193247661277
204314038748203926324934
955579019864278849383153
352020097938206968660320
806226331837452020754331
697959213583982916039947
436288276114034265208635
435980616717826288716403
878891015865202147369729
794106244833878695153209
130314098587815787543058
264148668370397404480487
972988984133414214271429
785661884174402493822630
610700076260343762511461
245938969824399476003445
721866714700981938955233
041141002098412121119228
204664944854650482728915
099445409093194814595485
988569661637955939800148
271800461395924948643364
379029400632097524070079
256287446193656013890120
038615256805591