342796793894571088457831
662083732315446264335915
228602432835777119247795
830383729352580542587001
526996109640321937565478
731131028563685455235882
179687363634700485763067
141482415234769254804964
544445788452271189536586
103711096268837482246676
402406615323126212110834
692325253404070637807234
193413319105124395993498
913459555169217923510531
502629011732203214741033
422546495053943906211249
892833713838136253004487
253702912089404575525092
060182107938154106382673
875269015709255640068068
536902312972768258721118
372420389314275281595353
385547305315062934174687
727596693537456889272073
967650999939183230467537
381022140290813