824027864170064936474806253
431047247120358333374355151
606655548054321026024256152
720602484114506796353308288
352327917280139933785516255
929161082457914642956768835
648329942915081783080003226
325621552710475834822437038
813624757636194278902015337
879407182677028170745452811
673963785763000829370940866
393195944332721041637427117
182761640388937305038898536
323468170481018305147408214
921400366335924076850823088
413937736480219818631808828
513273833480800909031790497
605545942871888585287602606
543992501681909528832523616
150906597875634433061101083
084610690123938807089647094
218033098368462008215224833
5914970337661167450511