1832264752556971680817930900
3029907133506355559923599050
1013381105599408289160106306
0257177973447189388112176756
4751433028198946755798840457
3388350552441856231571459184
6104034190382469301472804627
5110912853709870497899920276
2666920960469101393114553548
0252952648944602716116691125
6718707799505032541597286828
0521077218941432512399236225
9337759994271483909615322181
7886000788970906934289616413
2062620562981958366748051511
1105840984405790406206638851
6267501635173333687283095691
7711268594909003771369624985
3546722070010083745039647487
5807044257475404905769213513
9262107175076789431540902790
2963769621530428505657410290
1