153515549052479643076493
486198990149275697191969
789406037652491892977055
347131990513311202052489
893403651112185493782730
716786465961330156078176
849998283657822999885912
702650701127177639798489
934841051192681065221975
599238450168013170839499
810060193979216587431328
847973213587807622134416
520838799484306691165998
318184690921284877704876
508244213219366772118566
931885192251492527486459
544578358661768347771892
303157200232315032186307
045700716035991868171331
493077468861005458208152
955672460357640884696509
438154118070215136512798
375476509344367025101285
178888081888493374541006
462612884267536239954427
00785293881892369