226701361596000789219409
119097822426872499752242
209830776093676999207102
972791756987885098034964
269356437409049837125120
861505974068797931255543
305874380403778801418786
901565449078450501212757
145775640993997698865516
143140891427969528071411
272742578806803618602391
701554619302892631133314
700701851979836391196575
768566860500987810903113
552948467670171250419327
961609792993475725085638
316362176483351001221423
964204497865682622018611
006485466255802119720811
608660285035949854209290
938274250822061004749875
830483875445947352604332
573515331131697688586410
647749886838880542614524
858806022819997014566783
77392512036351009